%

 address = [0,1,0,1,0,1,0,1];
 mask    = [0,0,1,1,0,0,1,1];
 exist   = [0,0,0,0,1,1,1,1];
 desired = [0,0,0,1,1,1,0,1];
 